C23FA360 00000030 
91620000 90E20004 
91820008 90620010 
91220014 3C607072 
60636F6A 80E10020 
7C033800 4082013C 
3C602F73 6063745F 
80E10032 7C033800 
41820024 3C602F53 
60635447 80E10037 
7C033800 40820114 
39800ACE 80E1003B 
48000008 80E10036 
3D60DFDF 616BDFDF 
7CE75838 3D60805A 
616B7CB4 2C0C0ACE 
40820008 396BFFFC 
816B0000 806B0000 
892B0004 880B0005 
2C030DED 418200CC 
7C033800 41820014 
396B0008 1D290008 
7D6B4814 4BFFFFD8 
2C090000 4182005C 
396B0008 A0EB0000 
3C60815E 60638420 
A0630002 3D408059 
894A82F8 2C0A0001 
40820018 3D408059 
A14A82FA 2C0A0000 
41820010 48000014 
7C071800 4182000C 
3929FFFF 4BFFFFB4 
3D408059 B16A82FA 
886B0003 48000024 
2C000000 4182004C 
3C60815E 606325D0 
80630000 7D2303D6 
7D2049D6 7C691810 
38E05F41 7CE71A14 
B0E6FFFC 3C602E72 
6063656C 2C0C0ACE 
4082000C 3C602E50 
60634143 9066FFFE 
38A5FFFE 38C60002 
81620000 80E20004 
81820008 80620010 
81220014 38000000 
60000000 00000000 
C294AC30 00000002 
98030044 3D808059 
980C82F8 00000000 
C2105FE8 00000002 
806DBDB0 3D808059 
926C82F8 00000000 
46000010 00000000 
44000000 005A7CB0 
66200267 00000000 
45415254 10000000 
00400019 00000000 
04000017 00000000 
0140000B 00000000 
00200000 00000000 
08400012 00000000 
00500018 00000000 
08000016 00000000 
00100001 00000000 
00600002 00000000 
00300003 00000000 
08100015 00000000 
0C000014 00000000 
00700004 00000000 
04100005 00000000 
04400006 00000000 
05000007 00000000 
45444954 10000000 
00400019 00000000 
00100001 00000000 
00500016 00000000 
0020000D 00000000 
00600004 00000000 
00300005 00000000 
0070000E 00000000 
04000013 00000000 
04100010 00000000 
0440000F 00000000 
0800000C 00000000 
08100018 00000000 
0840000B 00000000 
0C000011 00000000 
04500000 00000000 
0C10000A 00000000 
52455355 13140000 
00000000 00000000 
00000001 00000000 
00000002 00000000 
00000003 00000000 
00000004 00000000 
00000005 00000000 
00000006 00000000 
00000007 00000000 
00000008 00000000 
00000009 00000000 
0000000A 00000000 
0000000B 00000000 
0000000C 00000000 
0000000D 00000000 
0000000E 00000000 
0000000F 00000000 
00000010 00000000 
00000011 00000000 
00000012 00000000 
47570E50 12000000 
00400000 00000000 
00100001 00000000 
00500002 00000000 
00200003 00000000 
08000018 00000000 
00600004 00000000 
00300005 00000000 
0C000006 00000000 
04000007 00000000 
04100008 00000000 
04400009 00000000 
0500000A 00000000 
0070000C 00000000 
0150000F 00000000 
01100001 00000000 
0450000D 00000000 
0140000B 00000000 
0850000E 00000000 
43555354 04000000 
00400000 00000000 
08000018 00000000 
01100010 00000000 
0150000F 00000000 
48414C42 0C000000 
00400000 00000000 
04000017 00000000 
00100001 00000000 
00200002 00000000 
0030000E 00000000 
08000018 00000000 
08400012 00000000 
00500003 00000000 
0150000F 00000000 
0140000B 00000000 
00600004 00000000 
01100000 00000000 
50494354 0E000000 
00400000 00000000 
00100001 00000000 
00500002 00000000 
00200003 00000000 
00600004 00000000 
08100018 00000000 
00300005 00000000 
08000016 00000000 
04000011 00000000 
04100012 00000000 
04400013 00000000 
0150000F 00000000 
01100003 00000000 
0140000B 00000000 
56494C4C 03000000 
01400000 00000000 
08000019 00000000 
00400001 00000000 
46414D49 14000000 
00400000 00000000 
00100001 00000000 
0050000A 00000000 
00200003 00000000 
00600004 00000000 
00700005 00000000 
08000018 00000000 
04000006 00000000 
04100007 00000000 
08400010 00000000 
04400009 00000000 
00300002 00000000 
0500000C 00000000 
0C00000D 00000000 
08100016 00000000 
0110000E 00000000 
0150000F 00000000 
0140000B 00000000 
04500011 00000000 
08500013 00000000 
4D455441 07000000 
00400019 00000000 
00100000 00000000 
08000018 00000000 
0150000F 00000000 
01100019 00000000 
0140000B 00000000 
00500001 00000000 
4F525048 0D000000 
00400000 00000000 
00100001 00000000 
00500002 00000000 
00200003 00000000 
08000018 00000000 
00600004 00000000 
0150000F 00000000 
01100000 00000000 
0140000B 00000000 
00300005 00000000 
00700006 00000000 
04000007 00000000 
08100016 00000000 
4D414E53 15000000 
00400000 00000000 
00100001 00000000 
00500002 00000000 
0C000003 00000000 
00600004 00000000 
04200005 00000000 
00700006 00000000 
04000007 00000000 
08100018 00000000 
04100008 00000000 
05000009 00000000 
0440000A 00000000 
08000016 00000000 
0450000C 00000000 
0150000F 00000000 
01100000 00000000 
0140000B 00000000 
0020000D 00000000 
0850000E 00000000 
00300011 00000000 
08400012 00000000 
47524545 14000000 
00400019 00000000 
00100000 00000000 
00300001 00000000 
00200002 00000000 
04400003 00000000 
00500004 00000000 
00700005 00000000 
08000018 00000000 
0140000B 00000000 
04000006 00000000 
04100007 00000000 
00600008 00000000 
05000009 00000000 
0C00000A 00000000 
0450000C 00000000 
08100016 00000000 
0850000D 00000000 
0C10000E 00000000 
04200010 00000000 
08400011 00000000 
444F4E4B 0A000000 
00100000 00000000 
00500001 00000000 
00200002 00000000 
08000018 00000000 
00600003 00000000 
08100016 00000000 
00400004 00000000 
01100004 00000000 
0150000F 00000000 
0140000B 00000000 
4943450E 11000000 
00400019 00000000 
00100000 00000000 
00500001 00000000 
00200002 00000000 
08400012 00000000 
08000018 00000000 
00600003 00000000 
08100016 00000000 
04000004 00000000 
00300005 00000000 
00700006 00000000 
01100000 00000000 
0150000F 00000000 
04100007 00000000 
0140000B 00000000 
04400008 00000000 
05000009 00000000 
4D414445 0B000000 
01400019 00000000 
00400000 00000000 
00100004 00000000 
00600002 00000000 
08000018 00000000 
00300003 00000000 
00500001 00000000 
00200005 00000000 
08100016 00000000 
00700006 00000000 
08400012 00000000 
4E4F5246 0C000000 
00400019 00000000 
0140000B 00000000 
00500000 00000000 
08000018 00000000 
0840000C 00000000 
00100001 00000000 
00600002 00000000 
00200003 00000000 
04000004 00000000 
00700005 00000000 
00300006 00000000 
04100007 00000000 
4F4E4C49 09000000 
00400019 00000000 
00100000 00000000 
04000017 00000000 
08000018 00000000 
0140000B 00000000 
01100010 00000000 
00500001 00000000 
00200002 00000000 
00600003 00000000 
50495241 13000000 
00400000 00000000 
00100001 00000000 
00500002 00000000 
00200003 00000000 
04000017 00000000 
00600004 00000000 
00300005 00000000 
08000018 00000000 
00700006 00000000 
04100007 00000000 
04400008 00000000 
05000009 00000000 
0C00000A 00000000 
0450000C 00000000 
01100010 00000000 
0150000F 00000000 
0140000B 00000000 
0850000D 00000000 
0420000E 00000000 
44584741 0A000000 
00100000 00000000 
00500001 00000000 
00200002 00000000 
00600003 00000000 
08400012 00000000 
08000018 00000000 
00400004 00000000 
01100004 00000000 
0150000F 00000000 
0140000B 00000000 
54454E47 0C000000 
00400000 00000000 
00100001 00000000 
00600004 00000000 
00500002 00000000 
00200003 00000000 
08000018 00000000 
00300005 00000000 
00700006 00000000 
04000007 00000000 
0150000F 00000000 
01100000 00000000 
0140000B 00000000 
50414C55 11000000 
00400019 00000000 
00100000 00000000 
00500001 00000000 
08000018 00000000 
08400012 00000000 
0140000B 00000000 
00200002 00000000 
00600003 00000000 
00300004 00000000 
00700005 00000000 
04000006 00000000 
04100007 00000000 
04400008 00000000 
05000009 00000000 
0420000A 00000000 
08100016 00000000 
0450000C 00000000 
504C414E 12000000 
00400019 00000000 
00100000 00000000 
00500001 00000000 
00200002 00000000 
00600003 00000000 
00300004 00000000 
00700005 00000000 
04000006 00000000 
08000018 00000000 
04100007 00000000 
04400008 00000000 
05000009 00000000 
0C00000A 00000000 
0150000F 00000000 
01100010 00000000 
0450000C 00000000 
0140000B 00000000 
0850000D 00000000 
44584F4E 09000000 
00400000 00000000 
00100001 00000000 
00500002 00000000 
00200003 00000000 
00600004 00000000 
08000018 00000000 
0150000F 00000000 
01100000 00000000 
0140000B 00000000 
53544144 09000000 
00400019 00000000 
04000017 00000000 
00100000 00000000 
00500001 00000000 
08000002 00000000 
0140000B 00000000 
00300003 00000000 
00600004 00000000 
00200005 00000000 
53544152 03000000 
00400019 00000000 
0140000B 00000000 
08000018 00000000 
4A554E47 08000000 
00400019 00000000 
00100000 00000000 
00500001 00000000 
08400012 00000000 
08000018 00000000 
00200002 00000000 
0150000F 00000000 
0040000B 00000000 
4D415249 0B000000 
00400019 00000000 
00100000 00000000 
08000018 00000000 
04000017 00000000 
00500001 00000000 
04100002 00000000 
04400003 00000000 
05000004 00000000 
01100010 00000000 
0150000F 00000000 
0140000B 00000000 
4F4C4449 16000000 
00400019 00000000 
00100000 00000000 
00500001 00000000 
00200002 00000000 
00600003 00000000 
04000017 00000000 
00300004 00000000 
08400012 00000000 
00700005 00000000 
04100006 00000000 
08100018 00000000 
0C100007 00000000 
05000008 00000000 
08000016 00000000 
0C000009 00000000 
0440000A 00000000 
0150000F 00000000 
01100001 00000000 
0140000B 00000000 
08500011 00000000 
04500013 00000000 
04200014 00000000 
465A4552 0C000000 
00400000 00000000 
08000018 00000000 
00100001 00000000 
00500002 00000000 
00200003 00000000 
01100000 00000000 
0150000F 00000000 
0140000B 00000000 
00600004 00000000 
00300005 00000000 
00700006 00000000 
04000007 00000000 
44584249 0A000000 
00400000 00000000 
00100018 00000000 
00500001 00000000 
08000016 00000000 
08100015 00000000 
01100010 00000000 
0150000F 00000000 
08400012 00000000 
0140000B 00000000 
00200002 00000000 
44584752 09000000 
00400019 00000000 
00100000 00000000 
04000017 00000000 
00500001 00000000 
0140000B 00000000 
00200002 00000000 
08000018 00000000 
0140000B 00000000 
00600003 00000000 
4458434F 0A000000 
00400019 00000000 
00100000 00000000 
00500001 00000000 
08000018 00000000 
00200002 00000000 
0150000F 00000000 
01100000 00000000 
0150000F 00000000 
01100010 00000000 
0140000B 00000000 
44585A45 07000000 
00400019 00000000 
00100000 00000000 
08000018 00000000 
01100010 00000000 
0150000F 00000000 
00500001 00000000 
0140000B 00000000 
44585053 0C000000 
00100019 00000000 
00500000 00000000 
00200001 00000000 
04000017 00000000 
00400002 00000000 
08000018 00000000 
00600003 00000000 
00300004 00000000 
0150000F 00000000 
01100000 00000000 
0140000B 00000000 
00700005 00000000 
444F4C50 0A000000 
00400019 00000000 
00100000 00000000 
00500001 00000000 
00200002 00000000 
00600003 00000000 
00300004 00000000 
08000018 00000000 
0140000B 00000000 
08100016 00000000 
00700005 00000000 
44585348 16000000 
00100005 00000000 
00400000 00000000 
04000017 00000000 
04400010 00000000 
08000018 00000000 
00500001 00000000 
00200002 00000000 
00600003 00000000 
00300004 00000000 
00700019 00000000 
04100006 00000000 
04400007 00000000 
05000008 00000000 
0C000009 00000000 
0450000A 00000000 
0C10000C 00000000 
0420000D 00000000 
0150000F 00000000 
01100000 00000000 
0140000B 00000000 
0850000E 00000000 
08100016 00000000 
4458594F 07000000 
00400019 00000000 
00100000 00000000 
0140000B 00000000 
08000018 00000000 
00500001 00000000 
00200002 00000000 
00600003 00000000 
42415454 13000000 
00400019 00000000 
00100000 00000000 
00500001 00000000 
04000017 00000000 
00200002 00000000 
00600003 00000000 
00300004 00000000 
00700005 00000000 
0140000B 00000000 
08000018 00000000 
04100006 00000000 
04400007 00000000 
08100016 00000000 
0C10000E 00000000 
05000008 00000000 
0C000015 00000000 
04500009 00000000 
01100010 00000000 
0150000F 00000000 
44585243 12000000 
00400019 00000000 
00500000 00000000 
00200001 00000000 
04000017 00000000 
00600002 00000000 
08100015 00000000 
00100003 00000000 
00300004 00000000 
00700005 00000000 
08000018 00000000 
08400012 00000000 
04400006 00000000 
01100010 00000000 
0150000F 00000000 
0140000B 00000000 
04100007 00000000 
05000008 00000000 
0C000009 00000000 
4E455750 14000000 
00400019 00000000 
00100000 00000000 
00500001 00000000 
00200002 00000000 
00600003 00000000 
00300004 00000000 
00700005 00000000 
04000006 00000000 
08000018 00000000 
04100007 00000000 
04400008 00000000 
08400012 00000000 
05000009 00000000 
0150000F 00000000 
01100019 00000000 
0140000B 00000000 
0C00000A 00000000 
0450000C 00000000 
0850000D 00000000 
0C10000E 00000000 
46494E41 0F000000 
00400000 00000000 
00100001 00000000 
00500002 00000000 
00200003 00000000 
00600004 00000000 
00300005 00000000 
00700006 00000000 
04000017 00000000 
08000014 00000000 
0140000B 00000000 
04100007 00000000 
04400008 00000000 
05000009 00000000 
0420000A 00000000 
01100010 00000000 
43524159 08000000 
00400003 00000000 
00100001 00000000 
00500002 00000000 
00200004 00000000 
08100016 00000000 
08000018 00000000 
0140000B 00000000 
00600005 00000000 
454D424C 01000000 
00400019 00000000 
4B415254 09000000 
00400000 00000000 
00100001 00000000 
08100018 00000000 
00500002 00000000 
01100000 00000000 
0150000F 00000000 
00200003 00000000 
0140000B 00000000 
08000016 00000000 
00000DED FADEDEAD 
E0000000 80008000 
46000010 00000000 
44000000 005A7CB4 
6620019C 00000000 
4F525048 0C000000 
00400000 00000000 
00100001 00000000 
00200003 00000000 
00500002 00000000 
08000003 00000000 
00600002 00000000 
0150000F 00000000 
01100000 00000000 
00300005 00000000 
00700006 00000000 
04000007 00000000 
08100016 00000000 
45415254 0D000000 
04000017 00000000 
00200017 00000000 
08400017 00000000 
00500018 00000000 
00100001 00000000 
00600002 00000000 
00300003 00000000 
08100015 00000000 
0C000014 00000000 
00700004 00000000 
04100005 00000000 
04400006 00000000 
05000007 00000000 
47570E52 11000000 
00400000 00000000 
00100001 00000000 
00500002 00000000 
00200003 00000000 
08000018 00000000 
00600004 00000000 
00300005 00000000 
0C000006 00000000 
04000007 00000000 
04100008 00000000 
04400009 00000000 
0500000A 00000000 
0070000C 00000000 
0150000F 00000000 
01100001 00000000 
0450000D 00000000 
0850000E 00000000 
43555354 04000000 
00400000 00000000 
08000018 00000000 
01100010 00000000 
0150000F 00000000 
48414C42 09000000 
00400000 00000000 
04000017 00000000 
00100001 00000000 
00200000 00000000 
08000018 00000000 
00500003 00000000 
0150000F 00000000 
00600004 00000000 
01100000 00000000 
56494C4C 02000000 
08000019 00000000 
00400001 00000000 
444F4E4B 05000000 
00500001 00000000 
00100000 00000000 
00200002 00000000 
08100016 00000000 
0150000F 00000000 
50494354 0D000000 
00400000 00000000 
00100001 00000000 
00500002 00000000 
00200003 00000000 
00600004 00000000 
08100018 00000000 
00300005 00000000 
08000016 00000000 
04000011 00000000 
04100012 00000000 
04400013 00000000 
01100003 00000000 
0150000F 00000000 
46414D49 12000000 
00400000 00000000 
00100001 00000000 
0050000A 00000000 
00200003 00000000 
00600004 00000000 
00700004 00000000 
04400009 00000000 
04000006 00000000 
04100004 00000000 
08400002 00000000 
00300002 00000000 
0500000C 00000000 
0C00000D 00000000 
08100016 00000000 
04100006 00000000 
0150000F 00000000 
04500011 00000000 
08500013 00000000 
4D414E53 14000000 
00400000 00000000 
00100001 00000000 
00500002 00000000 
0C000003 00000000 
00600004 00000000 
04200005 00000000 
00700006 00000000 
04000007 00000000 
08100018 00000000 
04100008 00000000 
05000009 00000000 
0440000A 00000000 
08000016 00000000 
0450000C 00000000 
0150000F 00000000 
01100000 00000000 
0020000D 00000000 
0850000E 00000000 
00300011 00000000 
08400012 00000000 
47524545 0F000000 
00200002 00000000 
04400003 00000000 
00500004 00000000 
00700005 00000000 
04100007 00000000 
04000006 00000000 
05000009 00000000 
0C00000A 00000000 
0450000C 00000000 
08100016 00000000 
0850000D 00000000 
0C10000E 00000000 
04200010 00000000 
08400011 00000000 
00600008 00000000 
4943450E 0E000000 
00400019 00000000 
00100000 00000000 
00500001 00000000 
00200002 00000000 
08400012 00000000 
00600003 00000000 
08100016 00000000 
04000004 00000000 
00300005 00000000 
00700006 00000000 
01100000 00000000 
0150000F 00000000 
04400008 00000000 
05000009 00000000 
4D414445 06000000 
00400000 00000000 
00600002 00000000 
00300003 00000000 
00200005 00000000 
08100016 00000000 
00700006 00000000 
44584741 07000000 
00100000 00000000 
00500001 00000000 
00200002 00000000 
00600002 00000000 
08400002 00000000 
08000002 00000000 
0150000F 00000000 
4E4F5246 04000000 
00400019 00000000 
00100001 00000000 
04000004 00000000 
00200003 00000000 
4F545241 01000000 
00400019 00000000 
50414C55 09000000 
00400019 00000000 
00100000 00000000 
00500001 00000000 
08000018 00000000 
00600003 00000000 
04100007 00000000 
04400008 00000000 
0420000A 00000000 
0450000C 00000000 
50495241 11000000 
00400000 00000000 
00100001 00000000 
00500002 00000000 
00200003 00000000 
04000017 00000000 
00600004 00000000 
00300005 00000000 
08000018 00000000 
00700006 00000000 
04100007 00000000 
04400008 00000000 
0C00000A 00000000 
0450000C 00000000 
0150000F 00000000 
01100010 00000000 
0850000D 00000000 
0420000E 00000000 
504C414E 10000000 
00100000 00000000 
00500001 00000000 
00200002 00000000 
00600003 00000000 
00300004 00000000 
00700005 00000000 
04000006 00000000 
08000018 00000000 
04100006 00000000 
04400008 00000000 
05000009 00000000 
0C00000A 00000000 
0150000F 00000000 
01100010 00000000 
0450000C 00000000 
0850000D 00000000 
53544144 05000000 
04000017 00000000 
00100000 00000000 
00600004 00000000 
00300003 00000000 
00200005 00000000 
54454E47 07000000 
00600002 00000000 
00500002 00000000 
08000018 00000000 
00300005 00000000 
00700006 00000000 
04000007 00000000 
0150000F 00000000 
53544152 02000000 
0140000B 00000000 
08000018 00000000 
4A554E47 04000000 
00400019 00000000 
00100000 00000000 
00500001 00000000 
0150000F 00000000 
4D415249 0A000000 
00400019 00000000 
00100000 00000000 
08000018 00000000 
04000017 00000000 
00500001 00000000 
04100002 00000000 
04400003 00000000 
05000004 00000000 
01100010 00000000 
0150000F 00000000 
4F4C4449 0D000000 
00100000 00000000 
00500001 00000000 
00300004 00000000 
08400012 00000000 
00700001 00000000 
08100018 00000000 
0C100007 00000000 
08000016 00000000 
0440000A 00000000 
0150000F 00000000 
01100001 00000000 
08500011 00000000 
04500013 00000000 
44584752 02000000 
00200002 00000000 
08000018 00000000 
44584F4E 08000000 
00400000 00000000 
00100001 00000000 
00500002 00000000 
00200003 00000000 
00600004 00000000 
08000018 00000000 
0150000F 00000000 
01100000 00000000 
44585A45 05000000 
00400019 00000000 
00100000 00000000 
01100010 00000000 
0150000F 00000000 
00500001 00000000 
44585053 07000000 
00100019 00000000 
00500000 00000000 
00200001 00000000 
00600003 00000000 
00300004 00000000 
0150000F 00000000 
01100000 00000000 
444F4C50 06000000 
00400019 00000000 
00100000 00000000 
00200002 00000000 
00300004 00000000 
0140000B 00000000 
00500001 00000000 
44585348 16000000 
00100005 00000000 
00400000 00000000 
04000017 00000000 
04400010 00000000 
08000018 00000000 
00500001 00000000 
00600018 00000000 
00300004 00000000 
00200002 00000000 
00700019 00000000 
04100006 00000000 
04400007 00000000 
05000008 00000000 
0C000009 00000000 
0450000A 00000000 
0C10000C 00000000 
0420000D 00000000 
0150000F 00000000 
01100000 00000000 
0140000B 00000000 
0850000E 00000000 
08100016 00000000 
4D455441 02000000 
0150000F 00000000 
00500001 00000000 
4458434F 03000000 
08000018 00000000 
01100010 00000000 
0150000F 00000000 
465A4552 0B000000 
00400000 00000000 
08000018 00000000 
00100001 00000000 
00500002 00000000 
00200003 00000000 
01100000 00000000 
0150000F 00000000 
00600004 00000000 
00300005 00000000 
00700006 00000000 
04000007 00000000 
4458594F 03000000 
00400019 00000000 
00500001 00000000 
00200002 00000000 
42415454 08000000 
04000017 00000000 
00200002 00000000 
00600003 00000000 
00300004 00000000 
08100017 00000000 
05000008 00000000 
0C000015 00000000 
0150000F 00000000 
44585243 08000000 
00400019 00000000 
00500000 00000000 
00200001 00000000 
00100003 00000000 
00700005 00000000 
04400006 00000000 
01100010 00000000 
0140000B 00000000 
4E455750 10000000 
00400019 00000000 
00100000 00000000 
00500001 00000000 
00200002 00000000 
00600003 00000000 
00300004 00000000 
00700005 00000000 
04100007 00000000 
04400008 00000000 
08400012 00000000 
05000009 00000000 
0150000F 00000000 
0140000B 00000000 
0C00000A 00000000 
0850000D 00000000 
0C10000E 00000000 
44584249 08000000 
00400000 00000000 
00100018 00000000 
00500001 00000000 
08000016 00000000 
08100015 00000000 
01100000 00000000 
0150000F 00000000 
00200002 00000000 
43524159 07000000 
00400003 00000000 
00100001 00000000 
00500002 00000000 
00200004 00000000 
08100016 00000000 
08000018 00000000 
00600005 00000000 
454D424C 01000000 
00400019 00000000 
46494E41 01000000 
04400008 00000000 
4B415254 07000000 
00400000 00000000 
00500002 00000000 
08100018 00000000 
01100000 00000000 
0150000F 00000000 
00200003 00000000 
08000016 00000000 
00000DED FADEDEAD 
E0000000 80008000 